0
4360 0
4370 5660 0
-1 5790 10390 0
-1 -1 6480 -1 0
-1 -1 6310 9520 3060 0
-1 -1 -1 -1 -1 6500 0
-1 -1 -1 3570 -1 -1 6160 0
-1 -1 -1 7020 -1 -1 5870 4680 0
-1 -1 -1 -1 -1 -1 -1 -1 11070 0
-1 -1 -1 -1 -1 -1 4650 -1 -1 11850 0
-1 -1 -1 -1 -1 -1 6950 -1 -1 -1 -1 0
-1 -1 -1 -1 -1 -1 -1 -1 -1 5470 -1 -1 0
-1 -1 -1 -1 -1 -1 -1 -1 -1 6910 5160 -1 4150 0
-1 -1 -1 -1 -1 -1 -1 -1 -1 -1 -1 5280 -1 -1 0
-1 -1 -1 -1 -1 -1 -1 -1 -1 -1 -1 -1 -1 -1 9040 0
-1 -1 -1 -1 -1 -1 -1 -1 -1 -1 -1 -1 -1 8830 1780 4710 0
-1 -1 -1 -1 -1 -1 -1 -1 -1 -1 -1 -1 4270 6570 -1 -1 9460 0